+------------------------------------------------------------------------------------------------------------------------------------------------------------------------------------------------------------------------------+
; Legal Partition Candidates                                                                                                                                                                                                   ;
+-------------------------+-------+----------------+--------------+----------------+--------+-----------------+---------------+-----------------+-------+----------------+--------------+------------------+-------------------+
; Hierarchy               ; Input ; Constant Input ; Unused Input ; Floating Input ; Output ; Constant Output ; Unused Output ; Floating Output ; Bidir ; Constant Bidir ; Unused Bidir ; Input only Bidir ; Output only Bidir ;
+-------------------------+-------+----------------+--------------+----------------+--------+-----------------+---------------+-----------------+-------+----------------+--------------+------------------+-------------------+
; sumres|genfor[63].Adder ; 3     ; 0              ; 0            ; 0              ; 2      ; 0               ; 0             ; 0               ; 0     ; 0              ; 0            ; 0                ; 0                 ;
; sumres|genfor[62].Adder ; 3     ; 0              ; 0            ; 0              ; 2      ; 0               ; 0             ; 0               ; 0     ; 0              ; 0            ; 0                ; 0                 ;
; sumres|genfor[61].Adder ; 3     ; 0              ; 0            ; 0              ; 2      ; 0               ; 0             ; 0               ; 0     ; 0              ; 0            ; 0                ; 0                 ;
; sumres|genfor[60].Adder ; 3     ; 0              ; 0            ; 0              ; 2      ; 0               ; 0             ; 0               ; 0     ; 0              ; 0            ; 0                ; 0                 ;
; sumres|genfor[59].Adder ; 3     ; 0              ; 0            ; 0              ; 2      ; 0               ; 0             ; 0               ; 0     ; 0              ; 0            ; 0                ; 0                 ;
; sumres|genfor[58].Adder ; 3     ; 0              ; 0            ; 0              ; 2      ; 0               ; 0             ; 0               ; 0     ; 0              ; 0            ; 0                ; 0                 ;
; sumres|genfor[57].Adder ; 3     ; 0              ; 0            ; 0              ; 2      ; 0               ; 0             ; 0               ; 0     ; 0              ; 0            ; 0                ; 0                 ;
; sumres|genfor[56].Adder ; 3     ; 0              ; 0            ; 0              ; 2      ; 0               ; 0             ; 0               ; 0     ; 0              ; 0            ; 0                ; 0                 ;
; sumres|genfor[55].Adder ; 3     ; 0              ; 0            ; 0              ; 2      ; 0               ; 0             ; 0               ; 0     ; 0              ; 0            ; 0                ; 0                 ;
; sumres|genfor[54].Adder ; 3     ; 0              ; 0            ; 0              ; 2      ; 0               ; 0             ; 0               ; 0     ; 0              ; 0            ; 0                ; 0                 ;
; sumres|genfor[53].Adder ; 3     ; 0              ; 0            ; 0              ; 2      ; 0               ; 0             ; 0               ; 0     ; 0              ; 0            ; 0                ; 0                 ;
; sumres|genfor[52].Adder ; 3     ; 0              ; 0            ; 0              ; 2      ; 0               ; 0             ; 0               ; 0     ; 0              ; 0            ; 0                ; 0                 ;
; sumres|genfor[51].Adder ; 3     ; 0              ; 0            ; 0              ; 2      ; 0               ; 0             ; 0               ; 0     ; 0              ; 0            ; 0                ; 0                 ;
; sumres|genfor[50].Adder ; 3     ; 0              ; 0            ; 0              ; 2      ; 0               ; 0             ; 0               ; 0     ; 0              ; 0            ; 0                ; 0                 ;
; sumres|genfor[49].Adder ; 3     ; 0              ; 0            ; 0              ; 2      ; 0               ; 0             ; 0               ; 0     ; 0              ; 0            ; 0                ; 0                 ;
; sumres|genfor[48].Adder ; 3     ; 0              ; 0            ; 0              ; 2      ; 0               ; 0             ; 0               ; 0     ; 0              ; 0            ; 0                ; 0                 ;
; sumres|genfor[47].Adder ; 3     ; 0              ; 0            ; 0              ; 2      ; 0               ; 0             ; 0               ; 0     ; 0              ; 0            ; 0                ; 0                 ;
; sumres|genfor[46].Adder ; 3     ; 0              ; 0            ; 0              ; 2      ; 0               ; 0             ; 0               ; 0     ; 0              ; 0            ; 0                ; 0                 ;
; sumres|genfor[45].Adder ; 3     ; 0              ; 0            ; 0              ; 2      ; 0               ; 0             ; 0               ; 0     ; 0              ; 0            ; 0                ; 0                 ;
; sumres|genfor[44].Adder ; 3     ; 0              ; 0            ; 0              ; 2      ; 0               ; 0             ; 0               ; 0     ; 0              ; 0            ; 0                ; 0                 ;
; sumres|genfor[43].Adder ; 3     ; 0              ; 0            ; 0              ; 2      ; 0               ; 0             ; 0               ; 0     ; 0              ; 0            ; 0                ; 0                 ;
; sumres|genfor[42].Adder ; 3     ; 0              ; 0            ; 0              ; 2      ; 0               ; 0             ; 0               ; 0     ; 0              ; 0            ; 0                ; 0                 ;
; sumres|genfor[41].Adder ; 3     ; 0              ; 0            ; 0              ; 2      ; 0               ; 0             ; 0               ; 0     ; 0              ; 0            ; 0                ; 0                 ;
; sumres|genfor[40].Adder ; 3     ; 0              ; 0            ; 0              ; 2      ; 0               ; 0             ; 0               ; 0     ; 0              ; 0            ; 0                ; 0                 ;
; sumres|genfor[39].Adder ; 3     ; 0              ; 0            ; 0              ; 2      ; 0               ; 0             ; 0               ; 0     ; 0              ; 0            ; 0                ; 0                 ;
; sumres|genfor[38].Adder ; 3     ; 0              ; 0            ; 0              ; 2      ; 0               ; 0             ; 0               ; 0     ; 0              ; 0            ; 0                ; 0                 ;
; sumres|genfor[37].Adder ; 3     ; 0              ; 0            ; 0              ; 2      ; 0               ; 0             ; 0               ; 0     ; 0              ; 0            ; 0                ; 0                 ;
; sumres|genfor[36].Adder ; 3     ; 0              ; 0            ; 0              ; 2      ; 0               ; 0             ; 0               ; 0     ; 0              ; 0            ; 0                ; 0                 ;
; sumres|genfor[35].Adder ; 3     ; 0              ; 0            ; 0              ; 2      ; 0               ; 0             ; 0               ; 0     ; 0              ; 0            ; 0                ; 0                 ;
; sumres|genfor[34].Adder ; 3     ; 0              ; 0            ; 0              ; 2      ; 0               ; 0             ; 0               ; 0     ; 0              ; 0            ; 0                ; 0                 ;
; sumres|genfor[33].Adder ; 3     ; 0              ; 0            ; 0              ; 2      ; 0               ; 0             ; 0               ; 0     ; 0              ; 0            ; 0                ; 0                 ;
; sumres|genfor[32].Adder ; 3     ; 0              ; 0            ; 0              ; 2      ; 0               ; 0             ; 0               ; 0     ; 0              ; 0            ; 0                ; 0                 ;
; sumres|genfor[31].Adder ; 3     ; 0              ; 0            ; 0              ; 2      ; 0               ; 0             ; 0               ; 0     ; 0              ; 0            ; 0                ; 0                 ;
; sumres|genfor[30].Adder ; 3     ; 0              ; 0            ; 0              ; 2      ; 0               ; 0             ; 0               ; 0     ; 0              ; 0            ; 0                ; 0                 ;
; sumres|genfor[29].Adder ; 3     ; 0              ; 0            ; 0              ; 2      ; 0               ; 0             ; 0               ; 0     ; 0              ; 0            ; 0                ; 0                 ;
; sumres|genfor[28].Adder ; 3     ; 0              ; 0            ; 0              ; 2      ; 0               ; 0             ; 0               ; 0     ; 0              ; 0            ; 0                ; 0                 ;
; sumres|genfor[27].Adder ; 3     ; 0              ; 0            ; 0              ; 2      ; 0               ; 0             ; 0               ; 0     ; 0              ; 0            ; 0                ; 0                 ;
; sumres|genfor[26].Adder ; 3     ; 0              ; 0            ; 0              ; 2      ; 0               ; 0             ; 0               ; 0     ; 0              ; 0            ; 0                ; 0                 ;
; sumres|genfor[25].Adder ; 3     ; 0              ; 0            ; 0              ; 2      ; 0               ; 0             ; 0               ; 0     ; 0              ; 0            ; 0                ; 0                 ;
; sumres|genfor[24].Adder ; 3     ; 0              ; 0            ; 0              ; 2      ; 0               ; 0             ; 0               ; 0     ; 0              ; 0            ; 0                ; 0                 ;
; sumres|genfor[23].Adder ; 3     ; 0              ; 0            ; 0              ; 2      ; 0               ; 0             ; 0               ; 0     ; 0              ; 0            ; 0                ; 0                 ;
; sumres|genfor[22].Adder ; 3     ; 0              ; 0            ; 0              ; 2      ; 0               ; 0             ; 0               ; 0     ; 0              ; 0            ; 0                ; 0                 ;
; sumres|genfor[21].Adder ; 3     ; 0              ; 0            ; 0              ; 2      ; 0               ; 0             ; 0               ; 0     ; 0              ; 0            ; 0                ; 0                 ;
; sumres|genfor[20].Adder ; 3     ; 0              ; 0            ; 0              ; 2      ; 0               ; 0             ; 0               ; 0     ; 0              ; 0            ; 0                ; 0                 ;
; sumres|genfor[19].Adder ; 3     ; 0              ; 0            ; 0              ; 2      ; 0               ; 0             ; 0               ; 0     ; 0              ; 0            ; 0                ; 0                 ;
; sumres|genfor[18].Adder ; 3     ; 0              ; 0            ; 0              ; 2      ; 0               ; 0             ; 0               ; 0     ; 0              ; 0            ; 0                ; 0                 ;
; sumres|genfor[17].Adder ; 3     ; 0              ; 0            ; 0              ; 2      ; 0               ; 0             ; 0               ; 0     ; 0              ; 0            ; 0                ; 0                 ;
; sumres|genfor[16].Adder ; 3     ; 0              ; 0            ; 0              ; 2      ; 0               ; 0             ; 0               ; 0     ; 0              ; 0            ; 0                ; 0                 ;
; sumres|genfor[15].Adder ; 3     ; 0              ; 0            ; 0              ; 2      ; 0               ; 0             ; 0               ; 0     ; 0              ; 0            ; 0                ; 0                 ;
; sumres|genfor[14].Adder ; 3     ; 0              ; 0            ; 0              ; 2      ; 0               ; 0             ; 0               ; 0     ; 0              ; 0            ; 0                ; 0                 ;
; sumres|genfor[13].Adder ; 3     ; 0              ; 0            ; 0              ; 2      ; 0               ; 0             ; 0               ; 0     ; 0              ; 0            ; 0                ; 0                 ;
; sumres|genfor[12].Adder ; 3     ; 0              ; 0            ; 0              ; 2      ; 0               ; 0             ; 0               ; 0     ; 0              ; 0            ; 0                ; 0                 ;
; sumres|genfor[11].Adder ; 3     ; 0              ; 0            ; 0              ; 2      ; 0               ; 0             ; 0               ; 0     ; 0              ; 0            ; 0                ; 0                 ;
; sumres|genfor[10].Adder ; 3     ; 0              ; 0            ; 0              ; 2      ; 0               ; 0             ; 0               ; 0     ; 0              ; 0            ; 0                ; 0                 ;
; sumres|genfor[9].Adder  ; 3     ; 0              ; 0            ; 0              ; 2      ; 0               ; 0             ; 0               ; 0     ; 0              ; 0            ; 0                ; 0                 ;
; sumres|genfor[8].Adder  ; 3     ; 0              ; 0            ; 0              ; 2      ; 0               ; 0             ; 0               ; 0     ; 0              ; 0            ; 0                ; 0                 ;
; sumres|genfor[7].Adder  ; 3     ; 0              ; 0            ; 0              ; 2      ; 0               ; 0             ; 0               ; 0     ; 0              ; 0            ; 0                ; 0                 ;
; sumres|genfor[6].Adder  ; 3     ; 0              ; 0            ; 0              ; 2      ; 0               ; 0             ; 0               ; 0     ; 0              ; 0            ; 0                ; 0                 ;
; sumres|genfor[5].Adder  ; 3     ; 0              ; 0            ; 0              ; 2      ; 0               ; 0             ; 0               ; 0     ; 0              ; 0            ; 0                ; 0                 ;
; sumres|genfor[4].Adder  ; 3     ; 0              ; 0            ; 0              ; 2      ; 0               ; 0             ; 0               ; 0     ; 0              ; 0            ; 0                ; 0                 ;
; sumres|genfor[3].Adder  ; 3     ; 0              ; 0            ; 0              ; 2      ; 0               ; 0             ; 0               ; 0     ; 0              ; 0            ; 0                ; 0                 ;
; sumres|genfor[2].Adder  ; 3     ; 0              ; 0            ; 0              ; 2      ; 0               ; 0             ; 0               ; 0     ; 0              ; 0            ; 0                ; 0                 ;
; sumres|genfor[1].Adder  ; 3     ; 0              ; 0            ; 0              ; 2      ; 0               ; 0             ; 0               ; 0     ; 0              ; 0            ; 0                ; 0                 ;
; sumres|genfor[0].Adder  ; 3     ; 0              ; 0            ; 0              ; 2      ; 0               ; 0             ; 0               ; 0     ; 0              ; 0            ; 0                ; 0                 ;
; sumres                  ; 129   ; 0              ; 0            ; 0              ; 65     ; 0               ; 0             ; 0               ; 0     ; 0              ; 0            ; 0                ; 0                 ;
+-------------------------+-------+----------------+--------------+----------------+--------+-----------------+---------------+-----------------+-------+----------------+--------------+------------------+-------------------+
